s_name	s_leafarea	s_LMA	s_Nmass	s_Pmass	s_wsg	s_ah	s_hmax	s_dbhmax	s_tlp	s_seedmass	s_regionalfreq
Tapirira_guianensis	65.2390956465218	84.00877522734586	0.01747977479	8.66584e-4	0.539439	0.289809052422252	46.62819446316948	0.5946400000000001	-1.8894	1	0.0087719298245614
Tapirira_obtusa	64.5475096727759	82.52186829509819	0.0193492	7.33124e-4	0.455094	0.29466975588670086	44.157018548425995	0.46851	-1.93375	1	0.0087719298245614
Thyrsodium_guianense	36.3957105544656	116.57308671439168	0.01490382254	5.538380031e-4	0.637421648	0.328	47.47	0.28849	-2.1495	1	0.0087719298245614
Duguetia_calycina	68.87515544047615	76.31639638868288	0.020691111365	8.353308265e-4	0.533201115	0.3053	48.95	0.19394	-1.842	1	0.0087719298245614
Duguetia_surinamensis	42.23286646944445	79.19764934981615	0.02901127459	8.585109515e-4	0.7827837685000001	0.28429162601132063	48.811754821360616	0.2815	-2.16	1	0.0087719298245614
Oxandra_asbeckii	19.90284511933645	90.2657545119646	0.0201968918	6.426164373999999e-4	0.56866399	0.307	50.55	0.22388	-2.16816666666667	1	0.0087719298245614
Unonopsis_rufescens	54.39725154810445	67.75917518073572	0.02236154525	0.0011113096615	0.4889902455	0.3055	49.41	0.191	-1.852117777944445	1	0.0087719298245614
Xylopia_nitida	28.78987113648965	90.40773890245003	0.022922	8.219999999999999e-4	0.55	0.29887594051439	50.679759352073205	0.412185	-1.6454	1	0.0087719298245614
Ambelania_acida	84.1621707557162	109.62221293564858	0.014891253065	7.230411824999999e-4	0.4417651945	0.3106509490478784	44.150680158337906	0.17693	-1.54066666666667	1	0.0087719298245614
Jacaranda_copaia	29.00831667	68.10791469749401	0.02651	7.830721563e-4	0.371199	0.2687527074942072	44.53455023497903	0.457005	-1.40892307692308	1	0.0087719298245614
Cordia_sagotii	147.505936944881	109.32251725577756	0.024200452715	7.8281114775e-4	0.518628842	0.3343	47.04	0.264	-1.65273	1	0.0087719298245614
Dacryodes_cuspidata	49.75809273160565	103.67867673860378	0.017109526405	7.1939726845e-4	0.7476000190000001	0.286	51.14	0.34387	-1.7197666665	1	0.0087719298245614
Protium_gallicum	16.8335754080259	73.5269	0.01872867892	6.598536239e-4	0.633133333333333	0.3412	46.63	0.36456	-2.49	1	0.0087719298245614
Protium_guianense	36.31794575	71.13138993122251	0.019151208075	8.09277151e-4	0.531013238	0.279	51.73	0.53625	-2.1838	1	0.0087719298245614
Protium_opacum	77.93800409450421	85.85395701349888	0.01657531438499999	7.410736425000001e-4	0.597574641	0.3071	50	0.51526	-1.996237254735295	1	0.0087719298245614
Protium_sagotianum	87.36382690555556	87.68180646879452	0.018063802255	7.4391296735e-4	0.6838988564999999	0.2961	50.77	0.43475	-2.29052833325	1	0.0087719298245614
Protium_subserratum	50.07274060166665	73.29361504813912	0.01658391885999999	6.352012405e-4	0.6270014385	0.3528	45.31	0.30798	-1.9713	1	0.0087719298245614
Protium_trifoliolatum	21.96114772	68.8524	0.01967602251	6.5462351975e-4	0.636525	0.2734	52.18	0.30816	-2.31199333325	1	0.0087719298245614
Caryocar_glabrum	65.67775423	75.4995020800666	0.02237539997	6.065911453e-4	0.627318	0.2951741326127354	49.490213705261326	1.0312	-1.83925	1	0.0087719298245614
Licania_alba	86.0014482	133.8	0.03712343342	5.374747205999999e-4	0.71	0.2849526687798247	49.95573051170088	0.45518	-2.04	1	0.0087719298245614
Couepia_bracteosa	114.3432044151155	120.32501358796064	0.014494043445	5.311469629e-4	0.6453633455000001	0.3389	47.46	0.43088	-2.2552399999999997	1	0.0087719298245614
Couepia_caryophylloides	101.9301273333333	92.54606607090204	0.018313161505	5.8468909565e-4	0.5783058135	0.3005	49.87	0.82498	-1.86778	1	0.0087719298245614
Hirtella_bicornis	13.660199593333347	69.64085231987019	0.01765221007	4.916447195e-4	0.6562493585	0.3605	44.53	0.45155	-1.829	1	0.0087719298245614
Hirtella_glandulosa	89.28781418277774	107.36977844500367	0.01506196462	4.8211159235e-4	0.808090788	0.3042040375891434	36.504883240081014	0.51784	-1.88614	1	0.0087719298245614
Hirtella_suffulta	38.68370356	89.95944808287629	0.018428957765	6.2810122085e-4	0.739062604	0.2974	50.29	0.19336	-1.6759266665	1	0.0087719298245614
Licania_alba	115.164002767362	128.23264359097925	0.014296798795	4.381471882e-4	0.7343525305	0.29300351158252635	46.95616840301942	0.5662	-1.98724241118085	1	0.0087719298245614
Licania_canescens	26.7603726434426	99.6774699870553	0.02013239766	4.527135387e-4	0.690654187	0.28662240126675503	47.085034071439225	0.35462	-2.04799515143182	1	0.0087719298245614
Licania_membranacea	51.00999194683435	115.83643418537912	0.01602791403	4.304915824e-4	0.717975343	0.2835	50.95	0.597	-2.03735450972059	1	0.0087719298245614
Licania_micrantha	53.4056583511111	105.3720644863866	0.017309124215	4.0811954285e-4	0.7156286995000001	0.3322	46.93	0.45518	-1.82929411764706	1	0.0087719298245614
Licania_ovalifolia	62.64661076	165.3481867900403	0.01487842944	4.2899750135e-4	0.823906872	0.3154	48.56	0.54636	-1.66933333333333	1	0.0087719298245614
Parinari_campestris	37.19341115666665	113.26300179849468	0.01776694804	5.970618438499999e-4	0.6218560390000001	0.2926	51.29	0.79	-1.77825	1	0.0087719298245614
Symphonia_globulifera	20.08062547797299	88.47726519990275	0.01846729239999999	8.67e-4	0.580101	0.292327122574375	50.96065093045213	0.593705	-1.74193103448276	1	0.0087719298245614
Diospyros_carbonaria	48.925657634631946	114.47607981362734	0.015411778945	5.173867781e-4	0.701487655	0.3347	46.72	0.3042	-1.7055833332500001	1	0.0087719298245614
Sloanea_garckeana	67.2122703433333	99.17081885147498	0.015940338115	4.5532677625e-4	0.7379938260000001	0.3053	49.2	0.228	-2.4088533334999997	1	0.0087719298245614
Conceveiba_guianensis	108.367834415664	86.62729194212724	0.022576512425	8.059285561000001e-4	0.60956264	0.2959	50.44	0.2515	-1.72509111111111	1	0.0087719298245614
Hevea_guianensis	52.5345188707143	58.15157688392527	0.02604870216	0.00135363881	0.597895807	0.2909450293498466	45.182503481706576	0.5	-2.17525	1	0.0087719298245614
Mabea_piriri	35.82845980589925	77.36893019599916	0.02315123783999999	7.199173796500001e-4	0.6189284429999999	0.3105	49.01	0.1828	-2.08777777777778	1	0.0087719298245614
Abarema_jupunba	8.32132238277778	86.8559178434896	0.02306523161	0.001309320114	0.497081421	0.2873659931436461	47.141831813565304	0.6128	-1.54689515168182	1	0.0087719298245614
Bocoa_prouacensis	63.2011800668141	90.2878375212352	0.02528971357499999	8.19477771e-4	0.7830951435	0.2846979417623196	48.45781484785172	0.40844	-1.963998113207545	1	0.0087719298245614
Dicorynia_guianensis	65.608241538676907	80.65560398185207	0.024808312795	9.08296688e-4	0.6407214405	0.2588083000318318	51.37969469971853	1.02334	-1.511513469387755	1	0.0087719298245614
Eperua_falcata	38.44877991021365	77.69843232270685	0.02132273537	8.222361679500001e-4	0.6076588519999999	0.28995409899945634	47.54569168488515	0.64611	-1.75721875	1	0.0087719298245614
Eperua_grandiflora	38.473292051535395	121.28310569636544	0.01525722260499999	7.518290064499999e-4	0.683029114	0.3543	45.45	0.73992	-2.0078887178653853	1	0.0087719298245614
Hymenaea_courbaril	46.42473021166665	101.99492794461376	0.0184583	5.25017e-4	0.77	0.26417319532263206	49.133692790259445	1.23684	-1.4429466665	1	0.0087719298245614
Inga_alba	45.60394092	61.90597153860206	0.035822	0.001053	0.59	0.28297493748774427	48.04366854023018	0.67864	-1.73966666666667	1	0.0087719298245614
Inga_loubryana	37.1442400572222	88.13225064909795	0.02937056449999999	9.0176347775e-4	0.518660138	0.3336	47.51	0.406	-1.5535	1	0.0087719298245614
Inga_stipularis	45.324360795	109.95969989055084	0.022622852285	7.9540417955e-4	0.640196818	0.293	51.59	0.33905	-1.57414285714286	1	0.0087719298245614
Pseudopiptadenia_psilostachya	9.068615058888891	99.81033441392658	0.03208097822	6.6787e-4	0.65	0.2623748939968348	52.014197033411975	0.89876	-1.73524	1	0.0087719298245614
Swartzia_panacoco	63.340466125000006	65.56671120384189	0.027636615445	7.3806058675e-4	0.833828757	0.2703	52.82	0.2633	-1.49	1	0.0087719298245614
Swartzia_polyphylla	34.136682714200745	86.44264252869067	0.023049406535	6.361171985e-4	0.7319868285	0.2817358653563341	48.51851889841247	0.85012	-1.515	1	0.0087719298245614
Tachigali_melinonii	29.491229138042797	69.29526713325481	0.0334727	9.6e-4	0.695721	0.2686	52.85	0.606295	-1.80105882352941	1	0.0087719298245614
Vataireopsis_surinamensis	11.45256149666665	57.88302195250752	0.024421862035	6.6762575835e-4	0.6684653455	0.3672	44.57	0.20352	-1.7619133335	1	0.0087719298245614
Vouacapoua_americana	45.4175568186197	67.80254314274835	0.025235431905	0.001130767115	0.7157289615	0.24408844487036432	49.59716281593852	0.67473	-2.05456244897959	1	0.0087719298245614
Goupia_glabra	34.91793927096295	81.1795	0.021970996105	8.30999167e-4	0.664413	0.29329011565691276	47.35246297983754	0.6936	-2.02402380952381	1	0.0087719298245614
Cyrillopsis_paraensis	59.06277690166665	52.32624338116196	0.02909846471	9.52338224e-4	0.8459052625	0.3655	45.09	0.51164	-2.037265	1	0.0087719298245614
Cyrillopsis_paraensis	72.40146835	66.8	0.01559735477	0.002104166754	0.177441469	0.2576992290410872	50.30185053860744	1.09957	-2.02	1	0.0087719298245614
Licaria_guianensis	21.4264593922222	80.86975880929329	0.021616946275	7.619642074500001e-4	0.753315183	0.3098	49	0.15204	-2.4350266665	1	0.0087719298245614
Sextonia_rubra	67.78659112066669	95.13717354318696	0.017954152925	8.230188379999999e-4	0.469071	0.2886831784582208	50.59594959140976	0.8395	-1.58138461538462	1	0.0087719298245614
Couratari_multiflora	27.68117943799765	81.4543494081894	0.023293077065	8.084588631999999e-4	0.677157689	0.3071	48.84	0.82068	-2.1805	1	0.0087719298245614
Couratari_oblongifolia	37.26426960833335	61.84433588195394	0.02282746506	0.001117230779	0.678196757	0.2989	49.34	0.95198	-1.8615833335	1	0.0087719298245614
Eschweilera_congestiflora	154.88063253333348	151.90755555455831	0.02037235399	7.908532313499999e-4	0.4888344305	0.3223	48.94	0.21578	-1.83811111111111	1	0.0087719298245614
Eschweilera_coriacea	88.76878205154355	99.3477204691212	0.020565	8.46e-4	0.661048692	0.3285501126229933	50.73626779836524	0.47271	-1.66	1	0.0087719298245614
Eschweilera_decolorans	66.27825565439676	110.75239209509462	0.022035521995	7.432955801000001e-4	0.5750611675	0.2965	50.52	0.4048	-2.08688888888889	1	0.0087719298245614
Eschweilera_grandiflora	130.395888698022	106.0292656009464	0.023199	8.490218722e-4	0.733031726	0.3262	48.34	0.2489	-1.7541	1	0.0087719298245614
Eschweilera_sagotiana	70.5651983947561	131.84435682311803	0.018230818015	7.157686363e-4	0.5293006715	0.2728	52.16	0.4438	-1.53195454545455	1	0.0087719298245614
Gustavia_hexapetala	66.17575593615555	76.09077692070655	0.02481371154	7.304491252e-4	0.5366291125	0.30824681383284736	45.65669045946518	0.28007	-1.944914705882355	1	0.0087719298245614
Lecythis_persistens	112.91936852415	127.42	0.01883184227	6.048922359e-4	0.66	0.3035	50.12	0.3854	-1.8554733335	1	0.0087719298245614
Lecythis_poiteaui	63.644993445206154	74.74917627897636	0.02669449311	6.774810812500001e-4	0.584527329	0.2903	51.01	0.61247	-2.432979999833335	1	0.0087719298245614
Bocoa_prouacensis	60.63873294043482	94.19637636651028	0.03712343342	0.001583104915	0.78	0.26821553331112596	48.52855728210871	0.202	-2.49	1	0.0087719298245614
Dicorynia_guianensis	44.26033792	126.4	0.01559735477	0.002104166754	0.57	0.25731545035966674	42.631571832096895	0.89876	-1.5	1	0.0087719298245614
Eperua_falcata	35.1132911394937	61.273841377827296	0.02245475568999999	2.339250365e-4	0.61	0.2986338351166967	46.11623105903425	1.15615	-1.80266666666667	1	0.0087719298245614
Eperua_grandiflora	73.86342816	82.8630351657252	0.02245475568999999	0.001583104915	0.68	0.36028781376689784	51.5	0.213	-1.64	1	0.0087719298245614
Tachigali_melinonii	21.410114264761894	73.80883384407049	0.01581939579	4.926225729e-4	0.72	0.33463646114629164	52.38036817818805	0.4835	-2.16	1	0.0087719298245614
Apeiba_glabra	55.942564648333345	77.9423226812159	0.019742	8.558926491e-4	0.460969	0.338	46.3	0.30340999999999996	-1.8930833335	1	0.0087719298245614
Quararibea_duckei	91.4077731376042	50.967895576302624	0.032448212655	0.001325829088	0.537321852	0.3405	46.56	0.144	-2.0788200000000003	1	0.0087719298245614
Sterculia_pruriens	249.5702867527125	91.69851583146053	0.02112827111	0.00110098159099999	0.5053275135	0.31445088463500714	51.65945853580318	0.74992	-1.87427272727273	1	0.0087719298245614
Theobroma_subincanum	85.62373942004425	81.76055560034604	0.019243309755	9.597755435e-4	0.5747400840000001	0.2568123622446194	40.928177147999705	0.28	-1.889140000125	1	0.0087719298245614
Miconia_acuminata	48.67336554333335	107.7110299731319	0.025285013715	3.1578020975e-4	0.546182037	0.2911	51.6	0.12	-2.113514285714285	1	0.0087719298245614
Mouriri_crassifolia	44.48229338049195	149.9902828585809	0.01333175138	5.573832564e-4	0.852596149	0.29185952398094683	46.98243297573703	0.28432	-1.71271428571429	1	0.0087719298245614
Carapa_procera	204.297690148148	117.76619743999144	0.01917889034999999	6.543697631e-4	0.5558527025	0.21867351605061433	45.84305971039123	0.49	-1.9410533335	1	0.0087719298245614
Dendrobangia_boliviana	66.49270216185215	80.56263547148731	0.02393223506	7.373033482e-4	0.6243306500000001	0.2891	50.77	0.34962	-1.74166666666667	1	0.0087719298245614
Poraqueiba_guianensis	79.98351381705655	103.47098653706396	0.01567060058	4.887218337e-4	0.738397203	0.3002	49.67	0.37643	-1.9081	1	0.0087719298245614
Brosimum_guianense	20.86490821015135	85.5404951676656	0.01989000714	7.685952197e-4	0.72707386	0.30435437808970256	46.21160480583137	0.41476	-2.0752	1	0.0087719298245614
Brosimum_rubescens	25.8980914192825	81.57316647945406	0.019521408625	7.2254057345e-4	0.5694454835	0.2875141835242782	51.58018877331633	0.71275	-2.2798733335	1	0.0087719298245614
Perebea_guianensis	327.304193	82.466462716559	0.02346452705	6.1787717725e-4	0.649379815	0.3704	43.88	0.111	-1.8171466665	1	0.0087719298245614
Trymatococcus_oligandrus	14.5916227317542	75.27537602092274	0.02208288357499999	0.00126476334299999	0.4291216285	0.2923	51.48	0.45285	-2.1556	1	0.0087719298245614
Iryanthera_sagotiana	41.4960971047487	88.5725	0.0191371	5.290000000000001e-4	0.5432	0.2937010131337604	47.82274054432462	0.45896	-1.7072523076923098	1	0.0087719298245614
Virola_michelii	56.44570489528945	78.53438564069754	0.0236594	6.47e-4	0.47	0.30164743872263766	50.22237237835717	0.80725	-1.733534492586955	1	0.0087719298245614
Neea_floribunda	81.62349626666665	74.64465915921716	0.03404975626	8.586269018e-4	0.460031915	0.308	50.92	0.28	-1.90604	1	0.0087719298245614
Lacunaria_jenmanii	88.73451932666666	154.69755294563876	0.0132665662	4.2203677135e-4	0.48109936	0.21095082749175204	33.94047184737219	0.23788	-2.09618	1	0.0087719298245614
Minquartia_guianensis	76.1194089783333	78.14573846153846	0.0219723	9.25e-4	0.7675922990666665	0.31604703892058494	45.23050885723587	0.59276	-1.6111866665	1	0.0087719298245614
Pogonophora_schomburgkiana	41.53816431767275	77.31469468826266	0.01978605847	7.3070585395e-4	0.747311106	0.3303	47.45	0.102	-1.95122222222222	1	0.0087719298245614
Drypetes_variabilis	75.64183638944445	97.33307377846994	0.020654	7.76e-4	0.715884	0.3038	49.96	0.36658	-2.0627339394772752	1	0.0087719298245614
Cassipourea_guianensis	31.0062583188235	82.34954382181976	0.02127231039	4.568386823e-4	0.69239	0.29473683678252355	47.16417727037357	0.213	-2.0542066665	1	0.0087719298245614
Posoqueria_latifolia	134.7866594176105	106.48036091032596	0.01780485246	6.8872370675e-4	0.636423618	0.3118991548859478	44.670290473857854	0.188	-2.07866666666667	1	0.0087719298245614
Casearia_javitensis	78.60498989666665	81.95964034962194	0.019717812305	6.251841605499999e-4	0.718707573	0.24943298490195573	47.00661332329676	0.22226	-1.85535714285714	1	0.0087719298245614
Laetia_procera	86.9832781150545	76.03910079295255	0.02512054803	0.001002324547	0.580133	0.28022430545778454	50.5717138548821	0.4835	-1.8777	1	0.0087719298245614
Cupania_diphylla	82.907200045	107.46527405337532	0.02095451417	8.1459329315e-4	0.855927745	0.3494	46.07	0.127	-2.4550799999999997	1	0.0087719298245614
Cupania_scrobiculata	48.76182903946365	60.19027577497227	0.0228805	0.001016397006	0.63	0.3146	48.9	0.26366645	-2.13492	1	0.0087719298245614
Talisia_hexaphylla	46.65813651826225	113.74629299783322	0.01931165525999999	7.0730895765e-4	0.815596635	0.296	50.29	0.33204	-1.80266666666667	1	0.0087719298245614
Talisia_microphylla	20.14955446666665	93.80467760838184	0.02130106528	4.7256941775e-4	0.6909687275	0.2856	51.58	0.13897	-2.0419666664999996	1	0.0087719298245614
Chrysophyllum_prieurii	97.52147067962966	123.76181035417292	0.02237722210499999	6.1496349135e-4	0.713689808	0.27857944088063813	49.45926611187546	0.53282	-2.21975862068966	1	0.0087719298245614
Chrysophyllum_sanguinolentum	223.8351204	141.449	0.01504371604499999	5.0142053565e-4	0.615425	0.30516519128447206	47.51115082546205	0.59712	-1.6377000000000002	1	0.0087719298245614
Manilkara_bidentata	133.221192568824	133.708	0.015869417825	5.2417065935e-4	0.754735	0.2708845054274731	50.92206109846559	0.90656	-2.05516666666667	1	0.0087719298245614
Manilkara_huberi	106.37049857357096	171.78460020317988	0.01493855658	5.84e-4	0.819683914637931	0.32553452591574494	49.95573051170088	1.09957	-2.2483500000000003	1	0.0087719298245614
Micropholis_cayennensis	135.64290479924648	150.8230025347466	0.01514212539499999	4.4760613525e-4	0.4920479295	0.2968	50.95	0.83472	-1.88741	1	0.0087719298245614
Micropholis_melinoniana	49.14629143	90.7505885788082	0.020197155405	7.720570980000001e-4	0.3818277345	0.2294	55.7	1.15615	-1.815	1	0.0087719298245614
Pouteria_cladantha	30.5070293738889	116.55062016659404	0.01333132085499999	3.886486431e-4	0.7469897415	0.2796150643639208	47.08780749379282	0.36472	-1.9260733335	1	0.0087719298245614
Pouteria_guianensis	88.59448593277305	116.69531153609763	0.01705383632	5.26e-4	0.833120574	0.2966669242398866	48.299251087134806	0.56388	-1.535625	1	0.0087719298245614
Pradosia_cochlearia	15.9333333333334	145.264	0.013110241865	4.726221956999999e-4	0.65	0.2916980231112235	50.761120038589354	0.55783	-1.88470588235294	1	0.0087719298245614
Siparuna_decipiens	42.115465792692305	66.9686	0.0249033	6.64981e-4	0.604553	0.29077434226705	47.990913728060534	0.51174	-2.397	1	0.0087719298245614
Cecropia_obtusa	484.0663886833335	111.43541288209902	0.0266653	9.31068e-4	0.3699815	0.2986338351166967	47.096310841486975	0.36408	-1.4775	1	0.0087719298245614
Pourouma_melinonii	163.38043095	130.4927730408021	0.01883611288	8.240132115e-4	0.4078663505	0.2855	51.5	0.52832	-1.626	1	0.0087719298245614
Amphirrhox_longifolia	32.28333333375001	55.08752404566506	0.02617177171	8.92544e-4	0.6445105	0.3855	42.15	0.139265	-1.735375	1	0.0087719298245614
Qualea_rosea	50.29197629311575	97.47675078209238	0.01885425943	6.924957954e-4	0.6814875345	0.2592	53.14	0.90532	-1.69533	1	0.0087719298245614
